0: 30,29,98,72,43,4,37,68,76,87,39,24,71,84,86,56,36,95,96,28,73,77
1: 39,71,94,67,95,9,3,35,88,87,37,57,85,11,93,1,40,77,89,65,28,60,13
2: 99,50,46,36,51,80,81,62,37,78,47,68,34,79,93,32,13,9,12,27,71,3,57,74,14,15
3: 33,98,3,27,34,67,28,77,89,93,53,79,21,82,9,50,78,80,2,47,62,16,92
4: 52,86,17,58,89,82,63,5,11,99,40,69,53,74,9,27,39,50,57
5: 29,35,95,15,66,49,80,14,73,20,77,23,18,33,87,34,98,16,69,62
6: 63,27,41,55,37,25,84,40,71,96,99,14,76,18,4,72,3,57,33,85,10,89,64,36,0
7: 79,74,62,65,86,91,87,56,47,76,57,89,61,98,19,33,93,58,29,75,26,22
8: 92,63,34,79,65,78,24,25,48,64,41,88,72,40,10,13,42,52,80,18,28
9: 5,45,10,66,65,23,14,4,70,99,61,59,39,62,63,48,0,18,73,22,75,1
10: 74,27,82,19,95,54,46,40,59,20,9,22,42,21,5,84,11,29,26,62,97,49,72,43
11: 8,72,96,43,25,11,82,7,76,4,5,89,71,40,19,54,83,49,79,12,10,65,24,46
12: 55,87,61,41,21,98,92,99,78,6,57,39,17,85,32,45,79,12,19,50,44,10,46
13: 93,52,58,55,79,69,83,5,88,89,7,1,63,53,77,27,84,23,12,6,71,98,31,14
14: 62,16,91,55,41,73,90,28,31,19,15,94,98,17,97,9,7,8,49,29,22,80,95,32,1,34,25,21
15: 87,89,50,70,67,44,7,48,10,3,8,96,19,33,80,78,90,68,97,60
16: 80,18,4,20,70,35,19,36,96,95,14,37,3,17,45,40,48,76,11,58,92,90,94,46,33,7,30
17: 8,15,62,37,97,0,89,53,66,19,64,24,42,21,61,88,52,91,96,50
18: 77,22,75,71,58,66,64,96,8,57,24,6,47,18,49,87,11,37,28,65
19: 40,10,43,36,76,71,35,44,92,29,96,90,46,97,91,88,32,51,80,83
